Rect 355 153 79 285 126 86 122
Rect 247 125 203 12 58 226 12
FRec 238 224 236 419 147 242 15
FOva 274 627 203 68 243 18 158
Rect 66 404 351 199 139 105 164
FRec 293 556 13 66 240 40 246
FOva 281 514 143 50 228 218 246
Oval 252 518 189 45 85 127 221
Line 98 126 165 107 2 203 146
Oval 351 176 23 290 111 101 158
FRec 45 43 249 235 104 57 194
Rect 251 617 83 19 231 161 143
Rect 25 293 224 348 29 221 42
FRec 42 252 72 88 217 47 174
Line 34 595 356 51 80 15 74
Line 79 81 311 373 196 77 96
Line 216 201 100 376 230 240 11
Oval 391 173 17 517 187 11 138
FOva 297 231 164 101 24 147 17
Line 11 575 358 33 209 157 54
Line 219 134 34 526 119 50 38
FOva 222 346 260 108 2 202 200
Oval 95 306 181 3 211 156 122
FRec 29 465 9 177 1 40 108
FRec 16 193 388 287 127 213 131
Line 351 436 41 201 91 33 0
Line 298 357 182 144 24 242 158
Line 84 558 78 99 45 52 5
Oval 358 615 0 67 206 80 39
Rect 341 510 83 86 94 120 87
FOva 302 261 29 48 111 148 210
FRec 143 615 67 23 237 250 138
Rect 389 545 97 77 241 1 85
FOva 75 162 202 129 7 74 154
Line 88 47 163 322 46 121 101
Rect 20 501 293 154 13 171 142
FRec 276 564 166 5 92 137 238
Oval 176 511 236 45 155 116 224
FOva 304 84 135 565 107 114 234
Oval 188 51 236 620 162 142 22
FRec 400 361 14 243 78 241 69
Rect 334 83 53 258 161 222 109
Rect 135 152 23 79 199 130 107
FRec 195 74 70 155 202 2 224
Rect 373 258 102 90 39 57 53
Rect 230 440 166 144 48 129 23
Oval 243 372 180 5 120 135 245
Oval 42 595 335 51 34 241 31
FRec 215 305 276 314 26 126 226
Line 47 157 405 50 53 194 158
Line 217 465 166 143 49 174 165
FRec 151 416 310 166 127 131 231
FOva 91 594 293 93 202 104 252
FOva 332 295 119 96 230 218 146
FRec 330 196 168 134 135 233 177
Line 14 452 223 122 12 220 154
FRec 56 480 67 109 216 226 39
Rect 51 351 8 284 141 231 221
Oval 175 337 155 126 124 162 129
Rect 31 270 133 425 122 205 14
Rect 388 521 77 71 200 91 60
Rect 80 276 282 414 235 211 143
FOva 123 330 103 156 169 233 139
Rect 116 409 353 140 98 194 156
FOva 217 168 145 364 214 245 47
FRec 320 208 86 163 93 98 79
FOva 307 509 11 9 176 120 200
Rect 258 616 28 52 1 93 148
Line 30 84 148 37 143 18 159
Rect 175 463 310 49 25 15 1
Oval 229 269 166 183 252 72 235
FRec 66 318 234 194 227 130 196
FRec 276 604 218 25 56 35 74
FOva 132 279 159 46 49 133 101
Rect 376 129 109 291 234 150 186
Oval 352 99 60 391 56 205 255
Line 184 87 74 347 62 220 219
FRec 211 409 81 120 229 132 47
FRec 357 215 2 67 214 168 232
Oval 380 265 110 293 37 232 130
FRec 258 62 6 617 205 234 136
FRec 351 42 64 112 17 198 63
FRec 165 552 70 81 51 128 94
FOva 212 300 153 20 20 101 47
Rect 129 262 217 24 0 77 125
Rect 368 79 82 100 145 8 116
FRec 265 514 79 103 207 216 75
Oval 231 156 255 72 149 163 92
Oval 189 106 174 102 244 255 172
FRec 298 538 117 133 135 236 174
Rect 270 54 66 225 211 40 204
FRec 297 310 153 28 90 141 63
FRec 274 558 1 63 222 152 198
Rect 217 156 136 227 67 218 190
FRec 215 537 144 39 242 215 210
Line 371 94 61 132 75 49 83
FRec 324 72 129 321 253 147 71
FRec 100 210 102 474 107 254 177
Line 87 102 103 91 199 179 199
FRec 398 443 50 28 206 54 138
Line 49 53 346 266 191 51 86
Rect 334 336 90 242 228 49 246
Oval 252 123 101 436 42 184 210
Oval 399 448 73 49 121 229 130
FRec 57 575 203 104 199 229 56
FRec 303 170 181 178 226 161 194
Rect 362 52 82 355 88 18 198
Rect 316 168 118 531 131 204 60
Oval 213 577 14 102 168 52 121
FOva 91 429 105 211 99 126 72
FOva 98 116 176 72 214 160 216
Line 310 313 126 251 136 67 25
Oval 394 178 76 301 135 179 20
Rect 362 244 38 31 233 252 193
Line 44 613 97 30 101 102 158
FRec 58 331 125 8 112 94 39
FOva 92 450 174 228 255 112 51
FRec 162 59 244 68 89 107 76
Rect 253 387 64 98 123 186 5
FOva 260 582 41 104 143 27 249
Oval 85 327 293 22 45 63 30
Oval 73 38 354 121 23 16 46
FOva 81 510 85 149 76 220 143
FOva 316 391 118 130 238 220 254
Rect 241 561 23 61 123 67 150
Oval 274 497 66 67 223 190 108
FRec 322 555 43 91 238 102 19
FRec 106 382 375 268 11 159 12
Oval 200 97 4 575 113 82 36
FRec 165 458 295 105 214 23 210
FRec 85 125 8 65 79 1 113
Rect 230 430 59 198 92 176 172
FRec 320 456 172 101 78 81 26
Oval 215 524 105 64 44 165 255
Line 17 156 232 280 153 128 0
Line 317 102 19 237 222 78 75
Oval 126 416 326 89 248 64 215
FOva 349 605 53 2 236 127 37
Oval 286 254 95 217 90 54 205
FOva 19 229 180 22 3 202 243
FOva 348 492 45 172 173 173 228
FRec 105 627 40 42 129 242 123
Oval 391 187 51 433 128 44 75
Rect 403 330 37 98 72 196 47
Rect 338 86 89 269 128 202 237
Oval 289 442 9 147 105 244 132
Oval 83 560 81 72 16 24 89
Line 226 309 207 137 24 206 37
Oval 33 531 162 56 144 252 179
Rect 388 278 47 420 129 39 235
Rect 106 157 235 72 174 237 253
Oval 85 619 264 46 184 69 176
FRec 31 124 192 197 56 174 97
FOva 8 57 366 208 192 90 224
FOva 182 439 316 244 77 4 59
Line 29 397 235 179 17 144 139
Rect 10 270 17 29 157 161 226
Oval 266 225 197 441 92 210 40
Line 103 56 255 617 136 45 222
Oval 177 544 130 84 127 7 228
Rect 168 191 197 204 82 36 27
Rect 328 572 160 68 152 194 88
FOva 178 156 80 365 145 56 49
Oval 202 290 23 237 5 56 236
FOva 390 610 44 62 10 219 51
Rect 218 258 240 258 205 196 232
Oval 363 321 117 217 181 182 232
FOva 207 356 91 287 143 71 45
Oval 291 409 114 45 137 3 58
FOva 345 198 50 317 89 58 25
Oval 96 310 208 46 32 166 195
Oval 116 190 199 176 61 90 239
Oval 83 517 25 37 148 224 214
Line 120 587 320 91 53 254 131
FRec 133 219 161 399 14 95 203
Line 187 126 233 442 66 29 105
FOva 373 337 117 261 242 2 12
FRec 13 568 198 13 23 156 190
FRec 263 338 86 305 181 161 145
Oval 404 214 40 473 187 191 223
FOva 47 340 239 123 234 18 44
Oval 210 93 250 476 28 192 235
Oval 353 362 45 138 64 99 92
FRec 94 512 71 122 174 74 221
FRec 158 211 340 476 89 159 197
Line 375 468 19 84 211 199 16
Oval 133 463 11 69 104 56 228
Rect 225 602 144 60 227 147 158
FOva 278 44 163 460 105 224 101
FRec 176 510 321 163 117 106 85
Rect 352 354 134 241 81 179 195
FRec 223 448 25 186 112 167 92
Rect 72 419 200 100 63 83 70
FOva 134 177 277 212 182 107 150
Oval 151 444 319 180 236 240 127
